$ANSIBLE_VAULT;1.1;AES256
39303636333938316637646530626431323366366666663432336163653938623830393561353539
3939633434643638623837363139333561333264376562630a643161346334393738633536623633
38333432653138356366356637313263336464666338373762623863336231363666643966336134
3266333538363263630a343839383465326131633439336361623763313732383234656338613834
31396562616234616238373563623766346436303033343266383638343231626430386231646337
32313832616531366132323132343136653864633462393834343435303466366637333032383135
35306130356364366334383533376664303539666264333435363961346533656462653261643130
64383266326232373136626431366538356538633362613539353635306631616330663530346465
33316139303531306361346336663962333433323561393232343233333566366662323532313366
65633833613338616138656530363839626233376630313530346630356133336339316339623433
33353530363538623462303435313962393662313231633339393763393664656337663065346161
61333961613462376164306434613435646135376236323566373061343765326634333833653831
63653831383566663932303565636638303162363837373137303262663731636564326132636564
32376239326463316139306238353137326636643262356163306436366232666230643433303239
36626163313261643939633833376137643963373236623263306538316632643761656331636535
36626166316233643336306166653633346263636439633662346664653965316138363439363865
30323362653733363436626162373762326562656532646239396235316130373031616132386362
66326636376335336338313061623838386466373564363336633162383133623134613237363736
65353664356632376233306162326163363263613937656364393632646130306332663938363133
62366136613930633439383132393334343962663438373563306534393432383136363734353262
62653736626162323338303537376136346339663464623334323338376661343235383138393363
36383364333637313131623263646263383262396133396330313661623035363861613134643562
34623563383463643433316230363731346338643131633134633537633331393662333365336464
63313137613938643830653061643535323665376235306166336661643262306536346231353638
37303266363335363062313132653238653138643139356637393261653438343134336364396261
63613062376639323038373861313163663832396532353363383762326130343739376434373266
63363239623531336262623762646533346237373162376137633335373630316265376537646232
32366663636261326564353134356461623830633764343633646536376434333937376465356465
66306531333431343432656236386430383433376633323930346237316666636637396638326532
62623133646237356262313464613231333830636630333833653261386133333430383762323730
37626464386234363035653739306437613832396239346437613261633339616533373739323239
65343333353233303031383034666364343963316463356331363532653061373236313434303663
31666262393833656332303439643733366530633065663439643637303332616333333632353339
35376532373135616165633864346538363731346337363661386132623665336539616635356332
61306637396634623432393863336237356336346331636266316637633130373133313135343233
37616633643730353533313936303536393235623763626136366366623066326232633563653534
34316339353333363239356435353466653737393563346231613066353839623732393564353561
65636236633335323635666233386663353633326262383833343631393231313537306238343932
63366231383333623637383263353034323234646262313763336666636437623131376535353632
35373662386538336565356362646561623733633764303731633063316236373165316535353832
32353464303565633931616664616164616362346465333937323361376130383262346333666331
30383132616665363664636464633736643031313539303765363462626363376533353935336136
62313265643361306230343131666530623531393263623736386332306464623434646334393632
64616130353033616633646465616236623938323865363665356438313236653830353261353766
31363930643036663964623134353735366132653332346266353664303765343834623031306465
33303166366331643433393232396632363535313834316563323135636165643537336562343630
34333262636334626566383336323633643030353630636437613132663230636631366636343037
39323934306265376338626664376330613564663963616536636362313264326530383030633964
37333766646433306131653366336638666438626436373831616533303163303861663564386566
37663030356330626236653934383036366533383066386534396562616435343531383735656461
38363632373335356435356133316330663432613236313665363664393361613834313565363733
34636637623561646536366630343265376430643934393564323336646633656164336239306135
65363464376532346434656563613266303561643339323336356562376266363430323362376533
35643438366134626532363638653934306662653330363262376236333231623666383831343539
38653238656466363437333339363661316233343737396263383563666363383865306332336234
63343937316636653164306233333937323234623535646161313738646665623363623534666239
31343534646565353838643331336565626634363864666434633934313738613363343363383664
34376635623162383765336566633934663132643136303336616339656536366634313430393462
61363266383464373435353231303334646434306637343933343361323466396530623762316530
65663035363463346631356261333930663632336135323833653032343130396234303032623065
63616265613466323934623866613064353838333438613534616430313732616365373131346635
64653838346536633931393437386164326137353131303562376466313964353364303561383135
38343832333434663236376235316136623264653332303432653637393331653165633564383134
66303334363839343164356432613461356131316633663762343938663564303863666237393036
35306161653338396531613038313233636566343534343662326637346237353963626461306566
30643934663138616433656233363266366566346461636638353633346139373931353034316332
32396462666331346563363737323337336462353139353536353063613232393964353563303835
63326237316132303039666165356131363637333637366238303531303466396463643333643262
33303666316661353738316239616133386439643361616566613564653939383736313964633864
34623062326637373264353338643766626534396230323338646231363130373632396662363266
32633536646638666365613065663934613262356666616664363863313839343664656330346531
66366532376165333235653434663965323437393664633430616139623035343238663430643461
39656364663466343764326131613733666366343134383730613662336336633761653535373939
64653161383935323535636533313239373839636563396430636563646633343165343834303566
31326339356466653232653662616564383133633631303239366439653637303864326462636139
30313236303566313630613938643334373731653535623162393938626661313232303961623363
37633931363166343032616335373961633662633062376565313561666233626635626530306662
63373635663031616265396263303835343434383335346363343061663831313530383065313262
38326537303064343565353666666231393439643934313731386566336566316164626530313737
32393237373236376435306230333861633734313465306236353664343264633638623763643231
64333937383135366230356230316661343434393566643364646633616334356161386563363562
38663335336238313133663634336131643231643739636266366237356564356365626262356436
38643136366162396133326139323162303066616539343537663761303163616234363730663262
35653965636264633738616261623230363332333934613937336137386535386264623530353361
66346330613064393538623635346363363462363266626362366462613732376162653235626438
61336165633831326633323935633861363738393739336661396539626338653463613431373036
63646533336631336632303233653061636434653037663233323837303634366531373337363439
39663330343165326338363264373837663664613739653332303565623938306433323730613666
30316466316463326634306130653061323730373562316365366436663737343930363461666166
35353930633638313134636565333539636433343665316636396334646566653834636136633464
63326438633635333462353939326333643930393365383736313138306637393037376432633532
32326264663061633664616431613134373831343331643763616431316133323565373566666534
66383364346465636536336366353164373032363165643438313537356437363534633062373533
38623736316238623037303732306361323032366635666561306165313531373964333433393233
31366261633764383739373131373230353362353631353435323566653737393638366633373333
34356332653964623633626662366235646234663531646235383663333365376136386165333839
37326232316261353330396265313064376133616361666166323935616463363333313737386465
65616661396433316661623731376266643333353835646639663632633831353464313832626638
30366335323436333335303634323935353835323231653931356532366135393333643433303961
62326666343139323539663064666261333136383033663766313335303737303736313361356261
36303431343436376161336637326364323133383530303662613335303166636337363437383065
30663864626264663239363031303236663861316264633433386337343665333839316438383839
33343930363736326664376539633238303039393365316564616134636432376132333765363564
34303638663533633666613834363866333439633362643833393936623839336262653566366137
33386166626366393333663531383138343862356137333264393663313635616463353161666236
63343335383265306438623137386232663935633764343330306661336562383433346162653236
63613239666539333963393136326535623037653065633265313661363431633530636639363135
37306539383035663034353836616534666134643431366136323735656532366238666530343061
39356362626635343335643236383330646231643033636530626534343763353931333131326462
62386637393333373266373535326233356563363763343061623232653739386362616534613963
65326634393966303239383531396239333533333731343731666532306337303461303337356132
33363232326236643130623435623533356663313761343264666333623832333736333161313262
63323332626639393262663436626632353765326537303337323734303331363465653564326135
66623666623130623861333466656632653735353733616237333336636363643732376561663262
61326461633435633035323533306666303361313839346165663362316438333266303134343133
39396530346230653738386362326236386434376666373865653433373137613239663131373764
36633266333964303435663935373435373131646137366266656530363662316438396538613062
30333261663665333732343534613534663965663935656437653035373038303536346533623837
61353631313137373131343563643337393133303434336461616535383432383536383735366539
37383364386564373039373830396561333237303531396236636232396633373633383933313166
32333935356265376530646231366131633163346264633237393133656335616665353532663036
64353433326136303433623839336333356565396564363738363538646634613364356130656634
35303732303262396162366563303138393933386234303261396333323735633130623435623439
66393731623131623865353538316531646563363939333431356263343638656632313230353432
33363232323834656262326133313534306537643434336136623362633631653166363339616537
30373465393864343964363732313837326338653837623165623231363263333936633833376236
32653031613966316563353262323364343933353535626661343266363561343663626333646662
37613334326133396566343731356164363331376637373136346662623132326435326165623031
35616338306533356439336235616533383232636466646135646264306430396335633363326461
39613363366334623438646264626663393537343737396530383465643665373362396635306165
39353665346133366231613765363466643363306536343466343035353132383538356537336261
63616431336638333837346661643664666337316231633461623731616233643232356464343664
32393230663839373932373734366562363732646334653934363834333863653362616330326338
66356562376231363432626364623332663038643634383133303034653861333439353838663466
63383635666461366136626365633138336362373131363937306330656263613033323434313738
61663831623963656666636532653731633435366331616138633566656435663039396663653265
37646134643437616466323764386239383732653864626236396665656332353562386262663034
34666131643264393531363832346333316239363939613831373734303764303063366431363161
66666532353262313762343632353466643161666332343166613436393238333839313836613037
39346132353863303736383864643239653535313734363533363236616431616638613737646236
66396438626362313562623337393639393733356539663163396630363964363434643165653035
37393530663730653463323438653938663636393335343530363864373135303532376234616366
35336461303238653733646461663234343430383032663064333131366230623833343261333631
63653766356464646362386334623064376666646261386661346164396132386336633531643931
33376630623061633962656537626636373135633663323034626366643631633432313765333736
37663834316634366130343735386664363837326330356565336432333061396637306634653165
30643630626335323537666531353938626234313736353065613435386531356430306632616435
31343633663631383431303434336238336661663438616532386364306638663031636234303539
39386430383438633563323332616665613063333137346535626666393838366535396637386233
61383138303266383832623965333836373033313533383333636466363235666330396565653738
33353734383562316336373132343130356131383466656233313262313032633266373565383536
30373434333937633233653265646465656432383661303564393732666633376335326537646238
33316663373730393136663139376333333666326666376565316432303136393661626430343936
32623762396635383362633933613661626430646161313732363130316262396635663362313833
35626438393663363335623465393566663230366239663437326132623739333235643734666236
38333231316136326538316263616262623738306135373765333930303731396533313431626465
62636265376438633333383234616435363735623761643663313866616438653035373934363639
36313130353262366561616135383366303431653263306365376530643434356435656237313434
30346131636531343931653139626163376330653434616535383165373839393837323234306366
31373461353737366139623834343432346533316335346435393565633661653561653633373231
30653932643361343333663739656564646131643637363732666164313139393165303036313864
63353462666262386563306435306534663262663763613335303830613061333632383139353263
65303130613936633830346332643931373433623435636636626234636232323532376438386137
32303766623638373633626638656239323065306662363466316664323634396438633939623730
36343738386264313732336165346565306235363965363766636639343262363532613363363664
3965643761343031376438313831333830373762666239343839
